ASPECT C
N_test=224,309  K_terms=2,500  topM=300
BASE_WIN=(0.35, 1.0)  RAW_MIN=0.005  IA_MIN_BASE=0.2
IA bands: low<1, high>=5

total_candidate_events=7,782,380
proteins_with_any_cand=224,309 / 224,309
proteins_with_any_BASEpass_event=173,116 / 224,309
proteins_with_k=5_event=81,406 / 224,309
proteins_with_single_fold_event=85,278 / 224,309
mean_pairwise_Jaccard(topM_sets)_per_protein=0.424800

k_support_hist (k=0..5): 7361887 126324 67752 56582 66662 103173
k_support_hist_norm_over_k1..5:
  17.507752 0.300419 0.161125 0.134561 0.158533 0.245362

washout_vs_mean5_total: LOST=191,758  GAINED=0
washout_by_IAband:
  LOST:   LOW=78,682 MID=99,181 HIGH=13,895
  GAINED: LOW=0 MID=0 HIGH=0

single_fold_firing_total_by_fold (k=1, mask=1<<i):
  fold_00: 23,441
  fold_01: 28,286
  fold_02: 26,406
  fold_03: 24,572
  fold_04: 23,619
single_fold_firing_by_IAband:
  LOW (IA<1): 9150 11891 10473 10669 9207
  MID (1≤IA<5): 12697 14406 14036 11962 12327
  HIGH (IA≥5): 1594 1989 1897 1941 2085

top fold-combos (excluding mask=0):
  mask=31 folds={0,1,2,3,4}  k=5  count=103,173
  mask=02 folds={1}  k=1  count=28,286
  mask=04 folds={2}  k=1  count=26,406
  mask=08 folds={3}  k=1  count=24,572
  mask=16 folds={4}  k=1  count=23,619
  mask=01 folds={0}  k=1  count=23,441
  mask=30 folds={1,2,3,4}  k=4  count=14,693
  mask=15 folds={0,1,2,3}  k=4  count=13,812
  mask=23 folds={0,1,2,4}  k=4  count=13,516
  mask=27 folds={0,1,3,4}  k=4  count=12,920
  mask=29 folds={0,2,3,4}  k=4  count=11,721
  mask=06 folds={1,2}  k=2  count=8,406
  mask=10 folds={1,3}  k=2  count=7,378
  mask=12 folds={2,3}  k=2  count=7,142
  mask=18 folds={1,4}  k=2  count=7,134
  mask=03 folds={0,1}  k=2  count=7,094
  mask=20 folds={2,4}  k=2  count=6,631
  mask=14 folds={1,2,3}  k=3  count=6,619
  mask=22 folds={1,2,4}  k=3  count=6,362
  mask=05 folds={0,2}  k=2  count=6,180
