ASPECT P
N_test=224,309  K_terms=2,000  topM=400
BASE_WIN=(0.3, 1.0)  RAW_MIN=0.005  IA_MIN_BASE=0.2
IA bands: low<1, high>=5

total_candidate_events=19,555,906
proteins_with_any_cand=224,309 / 224,309
proteins_with_any_BASEpass_event=79,967 / 224,309
proteins_with_k=5_event=14,009 / 224,309
proteins_with_single_fold_event=49,659 / 224,309
mean_pairwise_Jaccard(topM_sets)_per_protein=0.457042

k_support_hist (k=0..5): 19377060 82970 33462 22906 21971 17537
k_support_hist_norm_over_k1..5:
  108.344945 0.463919 0.187100 0.128077 0.122849 0.098056

washout_vs_mean5_total: LOST=114,915  GAINED=0
washout_by_IAband:
  LOST:   LOW=42,998 MID=66,246 HIGH=5,671
  GAINED: LOW=0 MID=0 HIGH=0

single_fold_firing_total_by_fold (k=1, mask=1<<i):
  fold_00: 18,437
  fold_01: 16,569
  fold_02: 16,300
  fold_03: 16,266
  fold_04: 15,398
single_fold_firing_by_IAband:
  LOW (IA<1): 6443 6522 5874 6482 5904
  MID (1≤IA<5): 11304 9202 9627 8853 8683
  HIGH (IA≥5): 690 845 799 931 811

top fold-combos (excluding mask=0):
  mask=01 folds={0}  k=1  count=18,437
  mask=31 folds={0,1,2,3,4}  k=5  count=17,537
  mask=02 folds={1}  k=1  count=16,569
  mask=04 folds={2}  k=1  count=16,300
  mask=08 folds={3}  k=1  count=16,266
  mask=16 folds={4}  k=1  count=15,398
  mask=30 folds={1,2,3,4}  k=4  count=4,596
  mask=27 folds={0,1,3,4}  k=4  count=4,503
  mask=23 folds={0,1,2,4}  k=4  count=4,360
  mask=29 folds={0,2,3,4}  k=4  count=4,348
  mask=15 folds={0,1,2,3}  k=4  count=4,164
  mask=06 folds={1,2}  k=2  count=3,633
  mask=10 folds={1,3}  k=2  count=3,467
  mask=12 folds={2,3}  k=2  count=3,418
  mask=20 folds={2,4}  k=2  count=3,390
  mask=24 folds={3,4}  k=2  count=3,386
  mask=18 folds={1,4}  k=2  count=3,374
  mask=05 folds={0,2}  k=2  count=3,315
  mask=17 folds={0,4}  k=2  count=3,228
  mask=03 folds={0,1}  k=2  count=3,203
